10085134
10092678
10099986
10187771
10187842
10207047
10228165
10348349
10391890
10428053
10430626
10446857
10464280
10469626
10491200
10493495
10506204
10523831
10537045
10537052
10542228
10551865
10567568
10572088
10574913
10574968
10585485
10587587
10588860
10601262
10606889
10617637
10648719
10671552
10698186
10698523
10708759
10729337
10737616
10744676
10746844
10748027
10751402
10764727
10770950
10790428
10791975
10799849
10811201
10825208
10833507
10835423
10846148
10852916
10899436
10921884
10946317
10978317
10982846
10998059
11006807
11013232
11015443
11015447
11034397
11042191
11042671
11075717
11084024
11085749
11089576
11092762
11094508
11104762
11136825
11157055
11158064
11253142
11254703
11267979
11278469
11315843
11320080
11331591
11332992
11353659
11390389
11403094
11407686
11441066
11466381
11470823
11483651
11500362
11502246
11517230
11606569
11667965
11689437
11691934
11732008
11733543
11736994
11744690
11751895
11752454
11781156
11781363
11782429
11805150
11809691
11812770
11832478
11870209
11884553
11891324
11895474
11917000
11943154
11943212
11959122
11981835
12011471
12048243
12052829
12063167
12063180
12063245
12065527
12065594
12071639
12077128
12077282
12077366
12093867
12097332
12110129
12130654
12149255
12162494
12163468
12163475
12163566
12167662
12177781
12185581
12189205
12200381
12226093
12235173
12237309
12240798
12244148
12244165
12271144
12362916
12377944
12381737
12387894
12395315
12400011
12403815
12438415
12438424
12458200
12466300
12471036
12480958
12486133
12506199
12507995
12515809
12525578
12528110
12545170
12551948
12578227
12578912
12584560
12584735
12588990
12595439
12624098
12626594
12629168
12639913
12644649
12646658
12651919
12660161
12682012
12682059
12695491
12706815
12716760
12719480
12733706
12761049
12771217
12771930
12771992
12782710
12794074
12807963
12808085
12808095
12813043
12847682
12871932
12871937
12885796
12888553
12888575
12890621
12890753
12900420
12900789
12901373
12920043
12925536
12934070
12941796
12972431
13185071
1330687
1334976
1383690
13905167
1429570
1447300
14500828
14515261
14523239
14527950
14557256
14558091
14559901
14561750
14563837
14581488
14592829
14593110
14612456
14630918
14636947
14638720
14647455
14660640
14662745
14662750
14662828
14665640
14670995
14693703
14695070
14704150
14707054
14715936
14716300
14728725
14734619
14736878
14744935
14752097
14752105
14756136
14760374
14760383
14761932
14761950
14762106
14764822
14904817
14963027
14985354
14990567
14990992
14996707
14999081
15001630
15007167
15020601
15024033
15024035
15031292
15037585
15039421
15051727
15060067
15064733
15075345
15096450
15121914
15123685
15123721
15126504
15128745
15140879
15142984
15150256
15166218
15184400
15187193
15190260
15208653
15215249
15215400
15225375
15248897
15252116
15262497
15265917
15271854
15271984
15277264
15280374
15292260
15292343
15308577
15308669
15314064
15337793
15353551
15358542
15381729
15388650
15456791
15456881
15471870
15525651
15525779
15525785
15528994
15537450
15542598
15542600
15556930
15557445
15576377
15585627
15590671
15601839
15601950
15613438
15621056
15621424
15635191
15647827
15650023
15650334
15657060
15659100
15660126
15688017
15688385
15689238
15696199
15699037
15705965
15709171
15710041
15715085
15716587
15728475
15728903
15729444
15767370
15778405
15790730
15817479
15817701
15833736
15843523
15855273
15857938
15872312
15879312
15879434
15894542
15897281
15897890
15901641
15905604
15906377
15910686
15932935
15947793
15955847
15956076
15972671
15975092
15983046
15985429
15994317
16000172
16002723
16014403
16014629
16014719
16027724
16034119
16042390
16045749
16061224
16061471
16076403
16076840
16081780
16082466
16087016
16087734
16103071
16107342
16107670
16115897
16128620
16129705
16135520
16140754
16141410
16147991
16153295
16162854
16166216
16166566
16174773
16176936
16176937
16186108
16198352
16205909
16224818
16236179
16255047
16256053
16257959
16260496
16265694
16270034
16270320
16293724
16299231
16301744
16301999
16308343
16314835
16314839
16331257
16331703
16332993
16341017
16344553
16354923
16356165
16361669
16364302
16365168
16371352
16377638
16380476
16385142
16385659
16401721
16410555
16434407
16446393
16446437
16447225
16449971
16464864
16465268
16477002
16477009
16484220
16484495
16488890
16492764
16493055
16497166
16500891
16504004
16507111
16513844
16514055
16518473
16522681
16531402
16543241
16551619
16566606
16567804
16568083
16569657
16585594
16601113
16606666
16609769
16611631
16611981
16618810
16623965
16636133
16714539
16715133
16723520
16723659
16756390
16787416
16793902
16807234
16807238
16807328
16815997
16817903
16818676
16818678
16820042
16825193
16827932
16831897
16840531
16842630
16848772
16849662
16859503
16872482
16882987
16887887
16901214
16911717
16914735
16920334
16920721
16923168
16930356
16940328
16946010
16959871
1698100
16982692
16982696
16984970
17006543
17016438
17022822
17022975
17030664
17031402
17034639
17046835
17050006
17050537
17050703
17074941
17074976
17075068
17076666
17078951
17082178
17082211
17082609
17082661
17083164
17083613
17087465
17102134
17107957
17112319
17113167
17114481
17121814
17130136
17142451
17145757
17146116
17151017
17156427
17170072
17178742
17183645
17185331
17189522
17203073
17203094
17203233
17215111
17223661
17225860
17227585
17237095
17237497
17241028
17244202
17247160
17247926
17248140
17251915
17254331
17255996
17259171
17259174
17261648
17268123
17273789
17279310
17283049
17285176
17285286
17300785
17302910
17303106
17303772
17307818
17308218
17308813
17309736
17311092
17317113
17319954
17327220
17332061
17332293
17335796
17343740
17346237
17360711
17360982
17363736
17363766
17364473
17366265
17366836
17373669
17376439
17379962
17387146
17407301
17409694
17409695
17410536
17412687
17428642
17431005
17439891
17439942
17442097
17444956
17452407
17459165
17463062
17470266
17470632
17476115
17483337
17485510
17486076
17493042
17497011
17502455
17502486
17507479
17508809
17513568
17513605
17523134
17531811
17532755
17543693
17546346
17548522
17548540
17548639
17551224
17565981
17567603
17568129
17573348
17574025
17583891
17584447
17586722
17586961
17587687
17587713
17587763
17590201
17591855
17592833
17593424
17595337
17596871
17601773
17606647
17606867
17607945
17609107
17609434
17610121
17616673
17620722
17623017
17623778
17628876
17629755
17630317
17634104
17634125
17634135
17635892
17636754
17636789
17637060
17639102
17640395
17642658
17643370
17644532
17645158
17646260
17650334
17661501
17664334
17666110
17667919
17668045
17671694
17673311
17673906
17675297
17681085
17681942
17697357
17704504
17704947
17708666
17709000
17709373
17709590
17709744
17711239
17711323
17711416
17711880
17712524
17713609
17724122
17724140
17724718
17725405
17725714
17726008
17730742
17731932
17733085
17738809
17745144
17745883
17746863
17746991
17750361
17750514
17751238
17752022
17759691
17764056
17768677
17769158
17777005
17778208
17785178
17785845
17795528
17801564
17807291
17812787
17815993
17823282
17845553
17846171
17848618
17852826
17854312
17855501
17861066
17873903
17878161
17878407
17878579
17879122
17890370
17895359
17897354
17897958
17902043
17906291
17906677
17907802
17908237
17919942
17935622
17947354
17954934
17962560
17972626
17973532
17984099
17986005
17987039
17991736
17991738
17996646
17997749
17998459
18003597
18005484
18006418
18009296
18011025
18021396
18039702
18042454
18045303
18045539
18055457
18056432
18056700
18057174
18059167
18070127
18070606
18070936
18071024
18072244
18075098
18075196
18079206
18081553
18081695
18087198
18093249
18094619
18096615
18096814
18112622
18156211
18157816
18158320
18166077
18167338
18167349
18172499
18173238
18174175
18175478
18188192
18194465
18195070
18201972
18202760
18203888
18206977
18211900
18213497
18213726
18215320
18216022
18218837
18225979
18226221
18234450
18234674
18236197
18237353
18239272
18240292
18252708
18263590
18263705
18267041
18267072
18280241
18286169
18287129
18290843
18292205
18294286
18298652
18298903
18301748
18303022
18309296
18316595
18317529
18317533
18317863
18322214
18325333
18326497
18328427
18339899
18345028
18346204
18348280
18350175
18352476
18353420
18355244
18355352
18355840
18356324
18358045
18358072
18358091
18360106
18360551
18360789
18360852
18362237
18362272
18363490
18364361
18364549
18364571
18365751
18366179
18367454
18369446
18378624
18380664
18387192
18388057
18388390
18391849
18391981
18393392
18408738
18411310
18413724
18418902
18422551
18425727
18432406
18433214
18436885
18437246
18437330
18437544
18438800
18438930
18441440
18443194
18443205
18444244
18445260
18451303
18455988
18455992
18460206
18461270
18461377
18463245
18463260
18463684
18467332
18470917
18474653
18476723
18476811
18480060
18487233
18487304
18487372
18490652
18492217
18492692
18493321
18494933
18496725
18499160
18500754
18509022
18509032
18509094
18509691
18511745
18514061
18514071
18516299
18517045
18518820
18522535
18524835
18524951
18528543
18535113
18535252
18537194
18537383
18544042
18544638
18546398
18548688
18551179
18552835
18553426
18558669
18559430
18561034
18561377
18566107
18566442
18566691
18567801
18570873
18574032
18577234
18582004
18583365
18591611
18591665
18591963
18593713
18594910
18601476
18604201
18604209
18604212
18604214
18605788
18606142
18606850
18606854
18612937
18615110
18621244
18623547
18625710
18627313
18628614
18628617
18628981
18632620
18632914
18635222
18635549
18636601
18636973
18636984
18641003
18641303
18641325
18641653
18641654
18641688
18642958
18643563
18644023
18645588
18648555
18648614
18648701
18650430
18650852
18650985
18651770
18651838
18652687
18653404
18657069
18661772
18666246
18666524
18667160
18669640
18671821
18673582
18675921
18677096
18679584
18680553
18682033
18684922
18684957
18687691
18691971
18696092
18698372
18701070
18701130
18701434
18701453
18701507
18702828
18703503
18703856
18704498
18704517
18704719
18707150
18708763
18713013
18722412
18723565
18725521
18726995
18728768
18733117
18737146
18739332
18744543
18751282
18751847
18752627
18759758
18766842
18767904
18769497
18773197
18775884
18775899
18777604
18778410
18779054
18782127
18782353
18785314
18785976
18787018
18787790
18790770
18793350
18793405
18794110
18794809
18798235
18798620
18801732
18802024
18802180
18802461
18803287
18809741
18811945
18811981
18813146
18817541
18817731
18821413
18824584
18824767
18826648
18828051
18831055
18832695
18838540
18838545
18838556
18838832
18839051
18840281
18841380
18842004
18842633
18842681
18842989
18846100
18846110
18849422
18849965
18852293
18852899
18855261
18891296
18922179
18924132
18924219
18930136
18930955
18936252
18936772
18938092
18940913
18941206
18946808
18947333
18952835
18955571
18958159
18958247
18960182
18966241
18967205
18971445
18973553
18973804
18974273
18981133
18986033
18986241
18989761
18990764
19001136
19002745
19007777
19011241
19013628
19014373
19015307
19016748
19017937
19019440
19026636
19026640
19027064
19035514
19036150
19036925
19036986
19043437
19047094
19048596
19050253
19054391
19060929
19066630
19074010
19074441
19074461
19074828
19076536
19081139
19087304
19088723
19089909
19089920
19090668
19090997
19104081
19104446
19107203
19107233
19108017
19109179
19114480
19116273
19118900
19119425
19120480
19120489
19122200
19126544
19126778
19131551
19134178
19136008
19139171
19139264
19140803
19141611
19141859
19146815
19148178
19148484
19151623
19152111
19152336
19152337
19154716
19155293
19155296
19155494
19155524
19157959
19158675
19158676
19165197
19165610
19165623
19167051
19167353
19179453
19179606
1918161
19181665
19185849
19187526
19190323
19194472
19204729
19204929
19209153
19212823
19218257
19218340
19221555
19222704
19223583
19228953
19229312
19234442
19237603
19238139
19244104
19244133
19244213
19251705
19251756
19252414
19253371
19254690
19255345
19258550
19265152
19270731
19274078
19276344
19276348
19276550
19277121
19277525
19285028
19287455
19289089
19289791
19292735
19293931
19297419
19298526
19299454
19299732
19301426
19303846
19311097
19314806
19316004
19317853
19323834
19329671
19331814
19331827
19332462
19335651
19338266
19338781
19339605
19339987
19343209
19343227
19345186
19349275
19349988
19351768
19363271
19364881
19381066
19381141
19383367
19390118
19390566
19390618
19395567
19396168
19398961
19400895
19401603
19401709
19409485
19411070
19413900
19414795
19419567
19420078
19424503
19431148
19435506
19440036
19451275
19454686
19459166
19459590
19463168
19463178
19472218
19475568
19475691
19477909
19481076
19487584
19487588
19489739
19491104
19494275
19497998
19501598
19503733
19506561
19508234
19517062
19519311
19519432
19523687
19524665
19527685
19530702
19531269
19531499
19531650
19535145
19535626
19535642
19535643
19538134
19538467
19539724
19540848
19542372
19544444
19546228
19546478
19548013
19553685
19556240
19560419
19562035
19564338
19565503
19566837
19572014
19574770
19575363
19576224
19576885
19578371
19582217
19584093
19584267
19587006
19589360
19591072
19597469
19597886
19602037
19602051
19604388
19604397
19605353
19606256
19615783
19620130
19621082
19621386
19622611
19623258
19625651
19628794
19630439
19631370
19635822
19635906
19638467
19640296
19646728
19647520
19648274
19651643
19652551
19652710
19654316
19657041
19657094
19664780
19666594
19666596
19668370
19669214
19670348
19672249
19672300
19675677
19676131
19682430
19682504
19684086
19684401
19686522
19688273
19690584
19691479
19692350
19693268
19696402
19696895
19701192
19701245
19703146
19705011
19706414
19706488
19707454
19711348
19711366
19713527
19716794
19717510
19717637
19720798
19721446
19723024
19723326
19726677
19730412
19732023
19732723
19732725
19732956
19734233
19734454
19737544
19738061
19738422
19740771
19754670
19758268
19759858
19763956
19768696
19770592
19770839
19772832
19776740
19779497
19782030
19782033
19783039
19784808
19784949
19785987
19788501
19790492
19793966
19797085
19797725
19798049
19799867
19802870
19804449
19804908
19805571
19805629
19805732
19807812
19808645
19809375
19809894
19812205
19812708
19815541
19815545
19815556
19816883
19817989
19818716
19819512
19821532
19822293
19823578
19823589
19825828
19826005
19826485
19826638
19829710
19830702
19830732
19836308
19837665
19840932
19841176
19841191
19843245
19846537
19847012
19849846
19850036
19851330
19854170
19855386
19861417
19861671
19866484
19876027
19877278
19889229
19895707
19897531
19898471
19901266
19901966
19901996
19904209
19905972
19906229
19914168
19915008
19916867
19926872
19927158
19929695
19933256
19934328
19935698
19935768
19936064
19936237
19941811
19948844
19950297
19951265
19956625
19956753
19956800
19968965
19976170
19989757
19996107
19996286
19996288
19997504
19997527
19998491
20007570
20007598
20007708
20007971
20008129
20008284
20012499
20016085
20016918
20020422
20021698
20022966
20026746
20027290
20030858
20038293
20045856
20047764
20049328
20049723
20051109
20061629
20062539
20062929
20064487
20066010
20068066
20068166
20068185
20071522
20074375
20074556
20075243
20075607
20079715
20080565
20080645
20080775
20081374
20085845
20085902
20086239
20087351
20087433
20088845
20089859
20091743
20093358
20096094
20101232
20109457
20110283
20114027
20116367
20122174
20124405
20126258
20126379
20127680
20133804
20139223
20139367
20140245
20140902
20141834
20143409
20144765
20145041
20145042
20145049
20146449
20147631
20148032
20148899
20150287
20150368
20152177
20153279
20155818
20158568
20159774
20160039
20160900
20164562
20166102
20166136
20169173
20169190
20171211
20173030
20173332
20174605
20175130
20177146
20178594
20180987
20184663
20188014
20190143
20190868
20192811
20193018
20193040
20194223
20195519
20197768
20200537
20201012
20203087
20205745
20208132
20208154
20209132
20213248
20214800
20215423
20215568
20219833
20219983
20221397
20224726
20224789
20226531
20227103
20236152
20237556
20302626
20302655
20303296
20303881
20304956
20305697
20307211
20308788
20331603
20333626
20333643
20335217
20338837
20347426
20348946
20349122
20350291
20351096
20351186
20351693
20352103
20353754
20354914
20357815
20361053
20363878
20368272
20368281
20368736
20368800
20370652
20370892
20372806
20374216
20375306
20376198
20377816
20378532
20380728
20383137
20383149
20383199
20384540
20385086
20385093
20385749
20392288
20393137
20393140
20395596
20399743
20399744
20400503
20401524
20404108
20404851
20414733
20416281
20417616
20423999
20427290
20434582
20440267
20442201
20443852
20443868
20443948
20447425
20452970
20454507
20459645
20460815
20461814
20462637
20463217
20463815
20463877
20463975
20475017
20477901
20478539
20479336
20483718
20483731
20483774
20485341
20489161
20490635
20495003
20497470
20501643
20504360
20506110
20506351
20510932
20512936
20514521
20516119
20520625
20520738
20520825
20522597
20525238
20525892
20527027
20530690
20531296
20532807
20541704
20542250
20546609
20546900
20547212
20548028
20553266
20553297
20553310
20554962
20557291
20562263
20566746
20568014
20573255
20574004
20578042
20579400
20581862
20582532
20591170
20591185
20595097
20595388
20597997
20599696
20602916
20603313
20605485
20606117
20607601
20614006
20616033
20619343
20622260
20624904
20626350
20627936
20630035
20634907
20634980
20636820
20638636
20638640
20639480
20643921
20646763
20647499
20648061
20649986
20651241
20651304
20654575
20655470
20656682
20657188
20658693
20658987
20659085
20662061
20663292
20663882
20663926
20668436
20672385
20673807
20675357
20676135
20677802
20678074
20679343
20679404
20679532
20682799
20692331
20693650
20696855
20698950
20699433
20704561
20704571
20706656
20711410
20713892
20716207
20720012
20720211
20721828
20722638
20724482
20725905
20727156
20729920
20731376
20731857
20735596
20735820
20736167
20738806
20797626
20797781
20802105
20802146
20802527
20805118
20806931
20808838
20813048
20814014
20814022
20814220
20814576
20814675
20818175
20818395
20818436
20818790
20821041
20821804
20823759
20824065
20824124
20826751
20827577
20829454
20830230
20833375
20835230
20837657
20840584
20840749
20844536
20845481
20847424
20847744
20847814
20849637
20849811
20855292
20855874
20856200
20861157
20861254
20861385
20862209
20865272
20868520
20869593
20872834
20884650
20886098
20886106
20887956
20895290
20895873
20920345
20923497
20926667
20927385
20932475
20932480
20937702
20937969
20939898
20940146
20943663
20948671
20949066
20949078
20951133
20952497
20955240
20956547
20959347
20959412
20959452
20962236
20966070
20966148
20966218
20966256
20967228
20971005
20971923
20974809
20974939
20977427
20977632
20978190
20980503
20991506
21029237
21037099
21038412
21040358
21040406
21044081
21045156
21048113
21050448
21056029
21057494
21057511
21062008
21062492
21062511
21062914
21063401
21063407
21063426
21063753
21068441
21071418
21076424
21076472
21078818
21080944
21083527
21084594
21084860
21085613
21085742
21087445
21087931
21087962
21090062
21092110
21092141
21095584
21098714
21098975
21102582
21103065
21106847
21108840
21109192
21109946
21110886
21113390
21119640
21122105
21123557
21127069
21127195
21127289
21130730
21131359
21131960
21133479
21136848
21143984
21145759
21145761
21147781
21148036
21148147
21149441
21150695
21151022
21151103
21151640
21151866
21151955
21152039
21156028
21157379
21157558
21160051
21168764
21169791
21170303
21170361
21174062
21179414
21179498
21179545
21179576
21181094
21182088
21185371
21189258
21190594
21191067
21191629
21192078
21199333
21200133
21204008
21207061
21209875
21210655
21214928
21217695
21217772
21218429
21219867
21220427
21220508
21232018
21234362
21236678
21238544
21239435
21242459
21242965
21242966
21242994
21243369
21243498
21247378
21248850
21251653
21252118
21252204
21258618
21261718
21263780
21264293
21266034
21266470
21270272
21273567
21276216
21276221
21278472
21283145
21283538
21283592
21283821
21284870
21288824
21289624
21291561
21295697
21298039
21300911
21304492
21305049
21307288
21308735
21310951
21311567
21314931
21315400
21315773
21317289
21317297
21319137
21319843
21320285
21320471
21320536
21320871
21321938
21322811
21326871
21327394
21328346
21329555
21329734
21331365
21332342
21333649
21339331
21340680
21343617
21343932
21347323
21347341
21347395
21348938
21352397
21355078
21356309
21356369
21357533
21360563
21362131
21367866
21368377
21368773
21371008
21374592
21378176
21380933
21383699
21383983
21385879
21387014
21388882
21399639
21401926
21410936
21411116
21411731
21416464
21422102
21422248
21423624
21423699
21427723
21432021
21435438
21435449
21435586
21437276
21437674
21438878
21439371
21441955
21445308
21448293
21448462
21451545
21451575
21452319
21453448
21454229
21454471
21458306
21464124
21464220
21467192
21468021
21471285
21472777
21478880
21479271
21481789
21482353
21488066
21489257
21489990
21490621
21491419
21496277
21499300
21500352
21501828
21501873
21502402
21508259
21509525
21509782
21513711
21518799
21518974
21520066
21523723
21525007
21532597
21533069
21533205
21536546
21540239
21541365
21543645
21548880
21551252
21552258
21554206
21555531
21556958
21559414
21562161
21565291
21566220
21569627
21571041
21571946
21573018
21575908
21576249
21596795
21597991
21600797
21603208
21603229
21605699
21606490
21607087
21609478
21609963
21612641
21613824
21614002
21619683
21623254
21625424
21625516
21628454
21628463
21629665
21637339
21637386
21637850
21642545
21645239
21647815
21647877
21652684
21655183
21656608
21658600
21659460
21659536
21660287
21665151
21669963
21671254
21673011
21674477
21677131
21677136
21680901
21687401
21687402
21687405
21687407
21687408
21687747
21689639
21695060
21697995
21700680
21700708
21702981
21706251
21708134
21709152
21712406
21712827
21712997
21713035
21715663
21716947
21718217
21719283
21722091
21724995
21725365
21726810
21726813
21728385
21729870
21730010
21733753
21734277
21737788
21737790
21738708
21740493
21743491
21747878
21747928
21750705
21752471
21754991
21757739
21757741
21760879
21763357
21763505
21765960
21769913
21771725
21771913
21772333
21777377
21778226
21779383
21782231
21784976
21785824
21788379
21790669
21792905
21796134
21798082
21799005
21799898
21799930
21802320
21806989
21810263
21811631
21812955
21814183
21814277
21817107
21818323
21819585
21820332
21821001
21821713
21823007
21832119
21833325
21833338
21840310
21841793
21843595
21844328
21849470
21850048
21852380
21853095
21854985
21856939
21858086
21858117
21868357
21868666
21868755
21874021
21876034
21876249
21876553
21878106
21880738
21881826
21883907
21884172
21884176
21884178
21884179
21887250
21887257
21887368
21889421
21890631
21892142
21892172
21893536
21898401
21901424
21907142
21909139
21909260
21909279
21909361
21909394
21909974
21910444
21912424
21912643
21915248
21915284
21919991
21921027
21927024
21928107
21931165
21931651
21938013
21940680
21941410
21943362
21947029
21949023
21949350
21952626
21952790
21953459
21957143
21957254
21964026
21964608
21964756
21965228
21965663
21965841
21966400
21966512
21967868
21969792
21972143
21975049
21976528
21977228
21978728
21978883
21979047
21980345
21980415
21980472
21984918
21987590
21987722
21987967
21989417
21992775
21994154
21994456
21994466
21995445
21997316
22002427
22003202
22003407
22018239
22020111
22021181
22022593
22023707
22025344
22025622
22025971
22027593
22027951
22028232
22028782
22032472
22032791
22033459
22033741
22033745
22033876
22034075
22035011
22035381
22036572
22037464
22038529
22038932
22039301
22039489
22039514
22040696
22041495
22043440
22044258
22046379
22046441
22046508
22050448
22050756
22051683
22051749
22052787
22052905
22053992
22054541
22054838
22055194
22056947
22056994
22057290
22057784
22058412
22058634
22069708
22071180
22072628
22072713
22074119
22075985
22081448
22082362
22084442
22086906
22087225
22087308
22089831
22094462
22094641
22095718
22096364
22096483
22101767
22101787
22102280
22102811
22105178
22105559
22107799
22110092
22110525
22110662
22110694
22111077
22111711
22113197
22116096
22116621
22122372
22125454
22126303
22127890
22128158
22129459
22133203
22133721
22139084
22139405
22140262
22140473
22141136
22142472
22142809
22144179
22144422
22150307
22152016
22156493
22156579
22157720
22169929
22174124
22174370
22174377
22174673
22174839
22179058
22180671
22184106
22184289
22187150
22187158
22187964
22191943
22193544
22193721
22196327
22196886
22198618
22200892
22201597
22201672
22202492
22205702
22206674
22209772
22212451
22212761
22214783
22215675
22216197
22216242
22216309
22216350
22216838
22218461
22218639
22221539
22222875
22224589
22225925
22227570
22234467
22234969
22235112
22236966
22238662
22241982
22242114
22242125
22244873
22247069
22247597
22250086
22253131
22253473
22253748
22253779
22253824
22262180
22262776
22264514
22265793
22266316
22266851
22267734
22271573
22271581
22271878
22272245
22275911
22276108
22276203
22278288
22279539
22286758
22290119
22290807
22291919
22291969
22292032
22293571
22294553
22295065
22299660
22301546
22303461
22306056
22306268
22315307
22315529
22320909
22323538
22324039
22327078
22328534
22329685
22340730
22342844
22345097
22347372
22347430
22349685
22350414
22355693
22360269
22361007
22363104
22363633
22363690
22366451
22366686
22368729
22369944
22370635
22371397
22375000
22382391
22384122
22385658
22387004
22387177
22389764
22390933
22393163
22393394
22393418
22394384
22396498
22397822
22399290
22402362
22402440
22405651
22407449
22410775
22411067
22415718
22417000
22417305
22419736
22427970
22428043
22429491
22430646
22430785
22430786
22430788
22431140
22432004
22433565
22435551
22439866
22442701
22446327
22447027
22447883
22449099
22454637
22455390
22456539
22460328
22461501
22461508
22470507
22480520
22483273
22486774
22488108
22488590
22490866
22491013
22491319
22492090
22492994
22496641
22496745
22496958
22500024
22500248
22502727
22503210
22503542
22504653
22509025
22509345
22510778
22513362
22513832
22513874
22514281
22514519
22516347
22523490
22523501
22529297
22529962
22531291
22532451
22534782
22536153
22536155
22539853
22541070
22542493
22544928
22544929
22544931
22546900
22549783
22551315
22553175
22558124
22558197
22558229
22558291
22558425
22563435
22563546
22564525
22566830
22566894
22569290
22570691
22570737
22570745
22573806
22574173
22577147
22577258
22578008
22580151
22586581
22593191
22606244
22606260
22606290
22606327
22607974
22608202
22609006
22610094
22611162
22613765
22615763
22615831
22617150
22619737
22621248
22623753
22629429
22631445
22634614
22637478
22640735
22640743
22641100
22641345
22642790
22648798
22649103
22649499
22649515
22654792
22655211
22662165
22664794
22666474
22675342
22675349
22675553
22678911
22679108
22683311
22684020
22687243
22690042
22692453
22692785
22693444
22696146
22699906
22700971
22701621
22701746
22704991
22705885
22706088
22707636
22710759
22710833
22711886
22711893
22718120
22720752
22723924
22727668
22730443
22732552
22734645
22735305
22735336
22739988
22743059
22745823
22750002
22750246
22751098
22751125
22753929
22759564
22761708
22761832
22764097
22764226
22767513
22767602
22768056
22768080
22768094
22768160
22768166
22768222
22770218
22771494
22777765
22777876
22778263
22786680
22789739
22791904
22792473
22797700
22798221
22801493
22801494
22802905
22806078
22807490
22807671
22807997
22809510
22810307
22814378
22814751
22815893
22817713
22819042
22819539
22819845
22820645
22820907
22821552
22821831
22828911
22829933
22829979
22830546
22832107
22832163
22832527
22833357
22833523
22833681
22836275
22837201
22837212
22840842
22841487
22842458
22842611
22844418
22844455
22844468
22844497
22847114
22847613
22847671
22848385
22848390
22848741
22854598
22860069
22860700
22863862
22863953
22864569
22864622
22871210
22876248
22879892
22879939
22879973
22880054
22882971
22883230
22883233
22883234
22883624
22890323
22890910
22893385
22895562
22898784
22898869
22899927
22900886
22904305
22904686
22905262
22908190
22910909
22911364
22911431
22911706
22912582
22915243
22915753
22916014
22919405
22919647
22920254
22924430
22924465
22926439
22927467
22927900
22927910
22927944
22928011
22929189
22929228
22932898
22933014
22933777
22935106
22935535
22937524
22941973
22945591
22951981
22952452
22952813
22952837
22952966
22954671
22955855
22956347
22964642
22965877
22968741
22969170
22972922
22973190
22973279
22973314
22973882
22976236
22976805
22977251
22984986
22985791
22986745
22987396
22988240
22988252
22993319
22994491
22997518
23000900
23001711
23010592
23010656
23010875
23011098
23023114
23023293
23023500
23026200
23026773
23028406
23028730
23028835
23029096
23029358
23029549
23029581
2303462
23035100
23035103
23038257
23038613
23039885
23042294
23043959
23044992
23045552
23046560
23047008
23048038
23049725
23049854
23050964
23061798
23064360
23064787
23065461
23065753
23067344
23068607
23071254
23071280
23071542
23071632
23071780
23074199
23074220
23076981
23077067
23077590
23077641
23077658
23079506
23084354
23084913
23085750
23086238
23087426
23092889
23097274
23098208
23100427
23100468
23100513
23103379
23103626
23104097
23107073
23109427
23109718
23110179
23110497
23112296
23112867
23114515
23117882
23118350
23119061
23119089
23123430
23124025
23125016
23125361
23125418
23127514
23129775
23132541
23134743
23135265
23139825
23143333
23143396
23144738
23144749
23144765
23146907
23147868
23148571
23150666
23151077
23152930
23155429
23157676
23160153
23160194
23160218
23161469
23163855
23164509
23166707
23166798
23166834
23169000
23169007
23171849
23174952
23175838
23176708
23180683
23181808
23183822
23184735
23185275
23185298
23185513
23190696
23191987
23192982
23193206
23202296
23202730
23203039
23207240
23208494
23209347
23209705
23211705
23213463
23217276
23219959
23221073
23223421
23225569
23226259
23226472
23226685
23229329
23229893
23237806
23241403
23241962
23243017
23243616
23245318
23245324
23251213
23251462
23253918
23254930
23257246
23258480
23258543
23261444
23262240
23263626
23264626
23267025
23267026
23269116
23269702
23272137
23273980
23274085
23275004
23275336
23277198
23277487
23277546
23279051
23279883
23280493
23283724
23285029
23287476
23288508
23288924
23289900
23291592
23291722
23295675
23295955
23297181
23299939
23300272
23300998
23301033
23301048
23301798
23308247
23314004
23316199
23317504
23318584
23318954
23319831
23320095
23321929
23322906
23325038
23325690
23326460
23326497
23328672
23334344
23335226
23335246
23337503
23339468
23342362
23343383
23349464
23349493
23349801
23352728
23357873
23359411
23359562
23359812
23361301
23362255
23364519
23365429
23365725
23371389
23372160
23372804
23376165
23376234
23378581
23380766
23382044
23383040
23383075
23383084
23383108
23383112
23383140
23383169
23383175
23383245
23383283
23384561
23385593
23386614
23387972
23390297
23393387
23394121
23395171
23396586
23396972
23399385
23399914
23401008
23402370
23405115
23407988
23408424
23408710
23408967
23409027
23409132
23410057
23416078
23416241
23416967
23416968
23418320
23418515
23421912
23421920
23426682
23427088
23428800
23431236
23431386
23434321
23434765
23434795
23435265
23435417
23436478
23436933
23440423
23442356
23442801
23443079
23444213
23448134
23451183
23452857
23453806
23453808
23454121
23455440
23455502
23457635
23459183
23460259
23460798
23462909
23463670
23467820
23468620
23471881
23474754
23474758
23476056
23478027
23479736
23481186
23483477
23483669
23484434
23487366
23487424
23487739
23496811
23500463
23501106
23503937
23504025
23504710
23508962
23509347
23509352
23511475
23515136
23516513
23519466
23520550
23522304
23522389
23523787
23525089
23525106
23525311
23525328
23526963
23526993
23527185
23530046
23531502
23533010
23533611
23536817
23536873
23536876
23538444
23539542
23542741
23543769
23544079
23552696
23553213
23553791
23554857
23555036
23555077
23555843
23559006
23560079
23561329
23562731
23563689
23567973
23571504
23572149
23575666
23576302
23578092
23579329
23582325
23583197
23583409
23584478
23585566
23585683
23585913
23586039
23587111
23590845
23592984
23593224
23594678
23596577
23598407
23600541
23603115
23603119
23606794
23610444
23611467
23613317
23613983
23618810
23619422
23620528
23621864
23622243
23623383
23623971
23624557
23624859
23631819
23632168
23632477
23636329
23637920
23637985
23638035
23638054
23640457
23640485
23640736
23641196
23642368
23644467
23644505
23645208
23649588
23651166
23653660
23656788
23658628
23658656
23658743
23659998
23660190
23661004
23666508
23666718
23666756
23666762
23667531
23673467
23674108
23674352
23674500
23674515
23675368
23675517
23677006
23680656
23684308
23685153
23685991
23686480
23687953
23690668
23690855
23690943
23691179
23702978
23703389
23703390
23703635
23705972
23706821
23707389
23707606
23707970
23708518
23708522
23710442
23715268
23715514
23716815
23717203
23717519
23717583
23717600
23720662
23722894
23724040
23724096
23724141
23724143
23727018
23727580
23728617
23729174
23730204
23733314
23734186
23736031
23737459
23737518
23737552
23737748
23740944
23741506
23741982
23742038
23745996
23746257
23746446
23748235
23748737
23749167
23752129
23752273
23753877
23754954
23755023
23755070
23756870
23757022
23758320
23761027
23762269
23762324
23762858
23763294
23765252
23766853
23766854
23768087
23771907
23774402
23776679
23777345
23784669
23785295
23785404
23786654
23786849
23794287
23797673
23798570
23799077
23800361
23804489
23806081
23809158
23809161
23811097
23811404
23812099
23812625
23814018
23815230
23815813
23816881
23817023
23818043
23818587
23818853
23820376
23820649
23824739
23826164
23827677
23827947
23831186
23832849
23834311
23838163
23838164
23838884
23839215
23840007
23840534
23840644
23840707
23840832
23840967
23843683
23843796
23844139
23844832
23846217
23846219
23846224
23846621
23850291
23850759
23851495
23851498
23852022
23853095
23855590
23856248
23857366
23857982
23859810
23861542
23861562
23861665
23861746
23866266
23868943
23869211
23871209
23872065
23872314
23873439
23874688
23874808
23874953
23875023
23876235
23880345
23880858
23886946
23890049
23890068
23892590
23897677
23900341
23906244
23908605
23909735
23911989
23912036
23913826
23916755
23918985
23919497
23921085
23922687
23922881
23923008
23924318
23924795
23924945
23935248
23935505
23935506
23935974
23936774
23937571
23937860
23938460
23940760
23942110
23943160
23943618
23945499
23947344
23948904
23948915
23949225
23950715
23951306
23954131
23954133
23955085
23955712
23955714
23959174
23962722
23963458
23963575
23964278
23966762
23968496
23971037
23974215
23977195
23977202
23977231
23977241
23977398
23980210
23986436
23988448
23990022
23991099
23991102
23991106
23991153
23993701
23994634
23995234
23997220
24002060
24003215
24003382
24003916
24004350
24005669
24005976
24008734
24011591
24012762
24013548
24015224
24015256
24019898
24021281
24022664
24023849
24026079
24026310
24027553
24030155
24032031
24033439
24036252
24037441
24037530
24037917
24038789
24039418
24039787
24039846
24040321
24040339
24043892
24043898
24044891
24048902
24049654
24051091
24052904
24052949
24054327
24056087
24057215
24058594
24058654
24058709
24058758
24059293
24060386
24062616
24062743
24063632
24063855
24064210
24064382
24064911
24065916
24065955
24066135
24076238
24076374
24078693
24084649
24086147
24086678
24086739
24089192
24093676
24096484
24098386
24098445
24098548
24098564
24098568
24098582
24098720
24098823
24101950
24102621
24105979
24107468
24113872
24114535
24115933
24116116
24117726
24118254
24120137
24122992
24127488
24130482
24130797
24130966
24132507
24133343
24134204
24134738
24135281
24136450
24141788
24142719
24142875
24145510
24145959
24146121
24146141
24149620
24151146
24151582
24155747
24156363
24157873
24158144
24158561
24161325
24164646
24165324
24165399
24166410
24166472
24167599
24168553
24170547
24178756
24180625
24183166
24183963
24184056
24184555
24193319
24196446
24197756
24198286
24204293
24204697
24205245
24205320
24215445
24217154
24218456
24223129
24223617
24224954
24225053
24225352
24240095
24244167
24244322
24244430
24250222
24251416
24252415
24252604
24252613
24256636
24260155
24263100
24264723
24265316
24265417
24265764
24268156
24269898
24270737
24273204
24273538
24277930
24278357
24281218
24281714
24282438
24283570
24285369
24287694
24287696
24287697
24290981
24292555
24292568
24299557
24302991
24303084
24312592
24312669
24315792
24318128
24318359
24319488
24322982
24323358
24323452
24324933
24325951
24326307
24327518
24330199
24330807
24332029
24332178
24333432
24333596
24336249
24337580
24337744
24339739
24339928
24346284
24348429
24349193
24349374
24349438
24350060
24350291
24350867
24351550
24354620
24355211
24355497
24355664
24356306
24357806
24361012
24361484
24366076
24367371
24367683
24368848
24369221
24370534
24373285
24373687
24373848
24375821
24376652
24376756
24376757
24379187
24381573
24384723
24386080
24386210
24386388
24387108
24388989
24389582
24390425
24390485
24391209
24391509
24391650
24391709
24392356
24395886
24398687
24400091
24400868
24401760
24405708
24407031
24409181
24409188
24412065
24412090
24412473
24416656
24416729
24422572
24423919
24425205
24425879
24427286
24430176
24431405
24434140
24434210
24436131
24440334
24440524
24443315
24443799
24447545
24447830
24448410
24448649
24449582
24451375
24452266
24452472
24453244
24453255
24453422
24453428
24453977
24454730
24454930
24456929
24457902
24459614
24462355
24462598
24464041
24464629
24464914
24465716
24466048
24466341
24468088
24469049
24469052
24470197
24472848
24474778
24475032
24476104
24477913
24481335
24481454
24481845
24485454
24487024
24489101
24489783
24490742
24491031
24491160
24491917
24492532
24495380
24496016
24497544
24497843
24498111
24498256
24498263
24501304
24501326
24503536
24503541
24505377
24511233
24512489
24516673
24517500
24518397
24519609
24520376
24521217
24523299
24523507
24523919
24525736
24527450
24528867
24530506
24530529
24531343
24531650
24551153
24552712
24556617
24558373
24559475
24559985
24561205
24563850
24565834
24569375
24571487
24572742
24577090
24577092
24577511
24578159
24581491
24581495
24583125
24583847
24586879
24587039
24589734
24590577
24591769
24597671
24603331
24606125
24606760
24607406
24608802
24610827
24613358
24616552
24617769
24619425
24625971
24625976
24626226
24626296
24626392
24628418
24628949
24630722
24630723
24630989
24631293
24633153
24633226
24638085
24638169
24638272
24643686
24646365
24646829
24646911
24648509
24650096
24653673
24658385
24658581
24659691
24662294
24662916
24664224
24667411
24670424
24670474
24670806
24671027
24673742
24673799
24675460
24681516
24681637
24681994
24683030
24684724
24686445
24688608
24690766
24691442
24691920
24694107
24700112
24700685
24703594
24703845
24704462
24705860
24706768
24708420
24708788
24709419
24709776
24710487
24710745
24718314
24718368
24721622
24721839
24722226
24722316
24723684
24723693
24725430
24727471
24727542
24733846
24736233
24737791
24737792
24737869
24740518
24742670
24742671
24743738
24744784
24745336
24746361
24746698
24751719
24753081
24756245
24760868
24762290
24762827
24763052
24763530
24763737
24766894
24769444
24770423
24770864
24770869
24777252
24777946
24778447
24778451
24782327
24786790
24790150
24790725
24791136
24793239
24795720
24798191
24798342
24798548
24799700
24802135
24802395
24802406
24802875
24802997
24805183
24806691
24807161
24808823
24810113
24811380
24812353
24813896
24816588
24816687
24817815
24819169
24823369
24825356
24829397
24829412
24829414
24832596
24833610
24835311
24837366
24838628
24840700
24842612
24842757
24842853
24843047
24843831
24843874
24844691
24845974
24846290
24847357
24849253
24850148
24850149
24850431
24853415
24853421
24854026
24858039
24858532
24859002
24860242
24862346
24862757
24866539
24866792
24869773
24872620
24876675
24879152
24879791
24882011
24882211
24884459
24886245
24886434
24886657
24886712
24886719
24886810
24887009
24890815
24891319
24893886
24894535
24897113
24898083
24899686
24899689
24901051
24901984
24903305
24903325
24904059
24904418
24905090
24905330
24905466
24905733
24909306
24912879
24914072
24914767
24915301
24915862
24916903
24917152
24918929
24920807
24923273
24923353
24923671
24924428
24928996
24929931
24930764
24932684
24932692
24932916
24935721
24939693
24940653
24943094
24947165
24949488
24952504
24952505
24954006
24954536
24955107
24955581
24957098
24958171
24958505
24960071
24961145
24962474
24963635
24964035
24964093
24965773
24966466
24966471
24967821
24967960
24969774
24970391
24970809
24970812
24971578
24973444
24980434
24981175
24981783
24984035
24984063
24984848
24986916
24987096
24989828
24991819
24992192
24993527
24999042
24999295
24999732
25000410
25001178
25003192
25003523
25003661
25003810
25003985
25003996
25008349
25009290
25009542
25010932
25010987
25013806
25015194
25018765
25019384
25025689
25025775
25026278
25026293
25028095
25031639
25031719
25033753
25036361
25036637
25038797
25040165
25041379
25042702
25043031
25043464
25049229
25050663
25051234
25051360
25053419
25053716
25053869
25056574
25056803
25060689
25062958
25063877
25064045
25066123
25070848
25070947
25071778
25073422
25078664
25081482
25081628
25090635
25093496
25093680
25096901
25097240
25098897
25101093
25101674
25103497
25105152
25105941
25112870
25114896
25114899
25115174
25115395
25117218
25118933
25119045
25120060
25120311
25120559
25121097
25121752
25122120
25122124
25125050
25125464
25125800
25127029
25128526
25130271
25130429
25135428
25136295
25136835
25137013
25137052
25138042
25138219
25139181
25140116
25141024
25143364
25143394
25144241
25144594
25144717
25144746
25145299
25145755
25147500
25149538
25151963
25152024
25154903
25158693
25164010
25165885
25172097
25172487
25172501
25172662
25175024
25175678
25176314
25182959
25187177
25187556
25190808
25194421
25195038
25197647
25198505
25201187
25202020
25210182
25211001
25211350
25214720
25216059
25217960
25218510
25219500
25219658
25223704
25225402
25225670
25230372
25231413
25231464
25234616
25237106
25237908
25238260
25238263
25242553
25246272
25247183
25247763
25248618
25250801
25251280
25252160
25254654
25255103
25261236
25261370
25262980
25263443
25263533
25265470
25265888
25266063
25266665
25266676
25267975
25268644
25268646
25269476
25271630
25273023
25274309
25275635
25276823
25277181
25277187
25277499
25285016
25285958
25287362
25288153
25289107
25292481
25293758
25294243
25300915
25301067
25301732
25303175
25307492
25307947
25309920
25309932
25311363
25314079
25315157
25317845
25320279
25321191
25324715
25324778
25326800
25327562
25329068
25329616
25329795
25330231
25331948
25331955
25331956
25333257
25333265
25337673
25337721
25338942
25339173
25340344
25340740
25340789
25341894
25342768
25343703
25343834
25344099
25344368
25344802
25344861
25345602
25347529
25348003
25348954
25349132
25349575
25350971
25351950
25355923
25356864
25358504
25358764
25359618
25359968
25360740
25360888
25361003
25361008
25362043
25365352
25367365
25368612
25368615
25370833
25372293
25372388
25374103
25375146
25378412
25378699
25379478
25379992
25384219
25384392
25386818
25389033
25389767
25390651
25391854
25392121
25393508
25394388
25396345
25396430
25396735
25398386
25398782
25400917
25400932
25402454
25403733
25405202
25405767
25405768
25405848
25406315
25406505
25412261
25412423
25412776
25414314
25416946
25419572
25420671
25421593
25422594
25427424
25427663
25428377
25431258
25433207
25433812
25435281
25435367
25436109
25436420
25437566
25443631
25450976
25452302
25457352
25459879
25461761
25464849
25465101
25465469
25465919
25467193
25467233
25468336
25470254
25471571
25473830
25473897
25474109
25476903
25480584
25480946
25481381
25481771
25482073
25482561
25483191
25486008
25486118
25486430
25486864
25490767
25493335
25496021
25498254
25498967
25499223
25499443
25500144
25501510
25501705
25501827
25503380
25504285
25504627
25506346
25506924
25511018
25512114
25512616
25516752
25523139
25524953
25531323
25531324
25531777
25532536
25534037
25534809
25535246
25540015
25540201
25544369
25544767
25545242
25546293
25548429
25550450
25556238
25557550
25559010
25559491
25564356
25567679
25567680
25567853
25568320
25572118
25572698
25575814
25576211
25576596
25580276
25581126
25582858
25583238
25584940
25586417
25589622
25591548
25591727
25594175
25594431
25595895
25596742
25596745
25597357
25597358
25597359
25600647
25601272
25601461
25603826
25605021
25605241
25605870
25607459
25607885
25609842
25611382
25612650
25613377
25617315
25617421
25618581
25619475
25619831
25620078
25624750
25625584
25626361
25628216
25628461
25632222
25632225
25637022
25637936
25639486
25642415
25642940
25644504
25645159
25645291
25645920
25646266
25647395
25650935
25652642
25655831
25657336
25658629
25658796
25658823
25659581
25661015
25669147
25671600
25672970
25673699
25673709
25673844
25674983
25679217
25680411
25681332
25681350
25682112
25684140
25684678
25686105
25686106
25686837
25687773
25691057
25691573
25691590
25693118
25694431
25695505
25695541
25695599
25695770
25695838
25698849
25699273
25699712
25700738
25701358
25703561
25704009
25705692
25705702
25705850
25705917
25708189
25710912
25712050
25712805
25716200
25720964
25721268
25722033
25728276
25728838
25730904
25732305
25735793
25736262
25736685
25736925
25738875
25740019
25742789
25744023
25746764
25749038
25749383
25749450
25750733
25753532
25754093
25757571
25757764
25758239
25759502
25760142
25761116
25761126
25761252
25762011
25762200
25762362
25762636
25762778
25762934
25766112
25766619
25767293
25767797
25768905
25769611
25771860
25772071
25772164
25773385
25773675
25773908
25774715
25774777
25775460
25784053
25784780
25786138
25786173
25787077
25788762
25789471
25789606
25789970
25791428
25792330
25793713
25797258
25798846
25799022
25799050
25800793
25801706
25806005
25806289
25810125
25810340
25815110
25815367
25815426
25816776
25816777
25816892
25817432
25818589
25820812
25821355
25821356
25822487
25823824
25823923
25825396
25826113
25828869
25831048
25834832
25840418
25843953
25846563
25846623
25847153
25849206
25849484
25849622
25852127
25852683
25854163
25854304
25854549
25854938
25855355
25861163
25866117
25866631
25867264
25867281
25868853
25868979
25869100
25871477
25871773
25872762
25873175
25873755
25875095
25879279
25879280
25879282
25879287
25879289
25879294
25879295
25879443
25880560
25881103
25881209
25881299
25881671
25883219
25884496
25885600
25887395
25887904
25888769
25889680
25889792
25891078
25891085
25892853
25893139
25893917
25896286
25899010
25899925
25904364
25904744
25904867
25905009
25905630
25906154
25908095
25909160
25909165
25909283
25909289
25912737
25914711
25915406
25915430
25915535
25917098
25922834
25925949
25926686
25926715
25932368
25934480
25935853
25936372
25936804
25937637
25938443
25938942
25940700
25940701
25940956
25941117
25942007
25944620
25944983
25945841
25947346
25948268
25948480
25950000
25951238
25951989
25953901
25955828
25959047
25961057
25961063
25961459
25962847
25962958
25963716
25963821
25963977
25964352
25964433
25965299
25965818
25970706
25970786
25971332
25972361
25973173
25973362
25974414
25978411
25982117
25983854
25985394
25992864
25995053
25995337
25995455
25996949
25999954
26000239
26000982
26001115
26001136
26004186
26005910
26006229
26010572
26010758
26018492
26020638
26022775
26023782
26026609
26028244
26031447
26033745
26035357
26036633
26036638
26037928
26041011
26042836
26043778
26046374
26047580
26053021
26056045
26056233
26057572
26057829
26058077
26059659
26065008
26068949
26069237
26069969
26071105
26071486
26074074
26074770
26075898
26078980
26081624
26083267
26083449
26085210
26086088
26086249
26086854
26088141
26089852
26091108
26091241
26091541
26093088
26095350
26095393
26096933
26100130
26101220
26103626
26104484
26104676
26104759
26106078
26106197
26108857
26110585
26110874
26111062
26114475
26118667
26119563
26119735
26121043
26121197
26121572
26122399
26124179
26129946
26132047
26133168
26133770
26135619
26136075
26136077
26136779
26138903
26139098
26139536
26139537
26147394
26147751
26157031
26158519
26159201
26159260
26161852
26162509
26165304
26165593
26166158
26170022
26170839
26172294
26173909
26174535
26174965
26175090
26177309
26177386
26180925
26183061
26186593
26188042
26188511
26189797
26190376
26191223
26192747
26195256
26195813
26196741
26198292
26198711
26201095
26202980
26203267
26206138
26206560
26208804
26212048
26215746
26215868
26217222
26219398
26220844
26221039
26224068
26224342
26232428
26233704
26234354
26234562
26234719
26236947
26237026
26237511
26238371
26240347
26242502
26243309
26244334
26244871
26245467
26245758
26246474
26247017
26247201
26251134
26251237
26252009
26256004
26257061
26257642
26258847
26259235
26260914
26261265
26262608
26266038
26267609
26267863
26268655
26268733
26268886
26272359
26273626
26274564
26274615
26275995
26276215
26276576
26278479
26280015
26280346
26280537
26288354
26288822
26289126
26289316
26289831
26293846
26294429
26299656
26300262
26301506
26303122
26304819
26305961
26308072
26310711
26310922
26313459
26314963
26315541
26316997
26317411
26317418
26317792
26317901
26318033
26318034
26320173
26320999
26321145
26321639
26321642
26321913
26323690
26324711
26325518
26327448
26329759
26334271
26335400
26335687
26336823
26336990
26337121
26337446
26338025
26339191
26340269
26341399
26341976
26344095
26344951
26347203
26347473
26347740
26347749
26347956
26348853
26349656
26350217
26352431
26352593
26355424
26356564
26357649
26359352
26359353
26359984
26362312
26362718
26364599
26366732
26367131
26367866
26370962
26373277
26374165
26377690
26379090
26379247
26379663
26379668
26381542
26382037
26382657
26382850
26385474
26387026
26388612
26388830
26388860
26390242
26395334
26395740
26396176
26398190
26398330
26399326
26399460
26400044
26400205
26402673
26402907
26403083
26405162
26408020
26411375
26412089
26412311
26412712
26415504
26416426
26416763
26416965
26418878
26418950
26419687
26420335
26432659
26435068
26436544
26436670
26437241
26437452
26438270
26438629
26440629
26440826
26441987
26443326
26446993
26451614
26452025
26452029
26456864
26458742
26459180
26459601
26460485
26460486
26461473
26471500
26473724
26474287
26475020
26475134
26477566
26482249
26482896
26484345
26485769
26486234
26489382
26491219
26491223
26491260
26491674
26492598
26496938
26497117
26497204
26497260
26498137
26499922
26500655
26501932
26503169
26503415
26504773
26507454
26508369
26509650
26510961
26510981
26511096
26511855
26512962
26514730
26517522
26517811
26519226
26522444
26522589
26526575
26529237
26530123
26530498
26531156
26534959
26536345
26536456
26536663
26538654
26540629
26541894
26542806
26543496
26545496
26546129
26546435
26547035
26547929
26551702
26555174
26556427
26558270
26563154
26563155
26563369
26564738
26564962
26567511
26567742
26568662
26573233
26573874
26575016
26575167
26576075
26576941
26577528
26578603
26578874
26579470
26582366
26582949
26583318
26583329
26584547
26584636
26586371
26588778
26594174
26597704
26599267
26600047
26603621
26605247
26608362
26608463
26609524
26616407
26617530
26617605
26617609
26617790
26618897
26620909
26621838
26624285
26626159
26627461
26630389
26633557
26633714
26633718
26635145
26636541
26637332
26637371
26640600
26642356
26643113
26645636
26646542
26650753
26654769
26654944
26655089
26655600
26655628
26655906
26656104
26657115
26657507
26657649
26657794
26659062
26660560
26663989
26664910
26667784
26667888
26670046
26670048
26670611
26671985
26673327
26675551
26676570
26680585
26682509
26683144
26683708
26685902
26686473
26686692
26687278
26687842
26689285
26689994
26692334
26695677
26697027
26698117
26698298
26698646
26698881
26700818
26701853
26707238
26707508
26716415
26716902
26717306
26717907
26726307
26729092
26729407
26731746
26735338
26739809
26739898
26741506
26741693
26743134
26744177
26744779
26746575
26746578
26748910
26750098
26751215
26751493
26751496
26752192
26754526
26754583
26755607
26757916
26758199
26758421
26759118
26759246
26760764
26760962
26760997
26762170
26762412
26762579
26763248
26764036
26765264
26766591
26770229
26770647
26772960
26778333
26778668
26781467
26783187
26789270
26796853
26798987
26799321
26801096
26801672
26802061
26803520
26804478
26805761
26806653
26808616
26812016
26813112
26813123
26813495
26813567
26813769
26814970
26816522
26817584
26818951
26819409
26820153
26822034
26822081
26822534
26824039
26824423
26827795
26829554
26830368
26831220
26831453
26834537
26836588
26837051
26837465
26837784
26838726
26839314
26840258
26840408
26840564
26844702
26847932
26848025
26848183
26848524
26849049
26852117
26852158
26853108
26853560
26854235
26856330
26857745
26858253
26858303
26858715
26858718
26859324
26859835
26861207
26861402
26863455
26864306
26865721
26870930
26871479
26876170
26877061
26879601
26879872
26880114
26880984
26881256
26882503
26882989
26888187
26892273
26892362
26893104
26896068
26899563
26901227
26902929
26904167
26908330
26909869
26911344
26911557
26912236
26912740
26916334
26916548
26918942
26919096
26919428
26921689
26925061
26925062
26925775
26928328
26928596
26931361
26932661
26933806
26934446
26935904
26936374
26936485
26940070
26940544
26940749
26940839
26942676
26944557
26948053
26949527
26951798
26957481
26959386
26959683
26961672
26962687
26964503
26964514
26966191
26968342
26968975
26971998
26972480
26972847
26973596
26973652
26974954
26977880
26978520
26980696
26981862
26983789
26984280
26984351
26985869
26987366
26988917
26992212
26992230
26994139
26996596
26996824
26996954
26997266
26997278
26997782
27002166
27002170
27006445
27006946
27007056
27010488
27010539
27010854
27011353
27012931
27013020
27014247
27014913
27016419
27019698
27020460
27023003
27023670
27026194
27028781
27031333
27034956
27035848
27036949
27041503
27042300
27043286
27043298
27043315
27043582
27043625
27048470
27048814
27049059
27049759
27049944
27049947
27050483
27051312
27052102
27057101
27057280
27058560
27060477
27063552
27065104
27065766
27066838
27066894
27066895
27068745
27070314
27072292
27075649
27075683
27075696
27076598
27079381
27080531
27082509
27084336
27087246
27087442
27087446
27087941
27089465
27093923
27094130
27095351
27098600
27099072
27105502
27106262
27108091
27109028
27113095
27114610
27117408
27124117
27129219
27129261
27130831
27133022
27133719
27134254
27139490
27142104
27144583
27144978
27145382
27148162
27148251
27149934
27153493
27154074
27155490
27157615
27158082
27158668
27160109
27160902
27162139
27164411
27169879
27174943
27177166
27182739
27183588
27184254
27184294
27188386
27190215
27192566
27195753
27197190
27206490
27206504
27206676
27211490
27211557
27211900
27212806
27214553
27214704
27217302
27220856
27221474
27221966
27223895
27224512
27225585
27225830
27225893
27226637
27228977
27230555
27232758
27237323
27250627
27250838
27260838
27264171
27270216
27270893
27273604
27274779
27279135
27281199
27282385
27283237
27293189
27297869
27306859
27308382
27308893
27313051
27313397
27313577
27314526
27314680
27316454
27321128
27322252
27322427
27325702
27329339
27331812
27339979
27340870
27341836
27345021
27345365
27345727
27346803
27350756
27351287
27354597
27355964
27356868
27356871
27362650
27363812
27364017
27364756
27365404
27365531
27366746
27373205
27374331
27374498
27374820
27375070
27384322
27389179
27396341
27399689
27402796
27402953
27402955
27405866
27409803
27418190
27418745
27428882
27429198
27431477
27432060
27432289
27437069
27444250
27444511
27446921
27448976
27455510
27460808
27460814
27467577
27467658
27470985
27472835
27474884
27476167
27478687
27479603
27481517
27482714
27484720
27488539
27491084
27496731
27498705
27508077
27508514
27508867
27509058
27509135
27511873
27517746
27519871
27521796
27523474
27524612
27524893
27526109
27526711
27526865
27527599
27527873
27528014
27529071
27529866
27534556
27547413
27548431
27550469
27550730
27550923
27551239
27556044
27561354
27563282
27563337
27564404
27564840
27566146
27566281
27569559
27572267
27574109
27577048
27586239
27589720
27590506
27592079
27594586
27595981
27597804
27601345
27601475
27607416
27607578
27611946
27614315
27619729
27620507
27621699
27623715
27626171
27626702
27628042
27628766
27632207
27634911
27635238
27641503
27649785
27650313
27652274
27666346
27667999
27670879
27671334
27671637
27672241
27682204
27683036
27685625
27689324
27692610
27693356
27695484
27696293
27708283
27716675
27721494
27721575
27726055
27730320
27731349
27733552
27737891
27738345
27743451
27746687
27747245
27748582
27748883
27750413
27752740
27761594
27769254
27775650
27775700
27777285
27777967
27779186
27782335
27783058
27783111
27783137
27785882
27788256
27788497
27790000
27791197
27793052
27795729
27796283
27796369
27800616
27807169
27807222
27812125
27812984
27815439
27818644
27818661
27819269
27819283
27820602
27826146
27827850
27831558
27833851
27834816
27834845
27840993
27842563
27843532
27845775
27847555
27853847
27854326
2785919
27860287
27863396
27864974
27867451
27869206
27871174
27872094
27872860
27878239
27878289
27878293
27879679
27882934
27883019
27888812
27889062
27892465
27893720
27894300
27895032
27895617
27895978
27899821
27900566
27900609
27907115
27911804
27911857
27911947
27916760
27916840
27922666
27922697
27926507
27926940
27927236
27927748
27929048
27929056
27929086
27929137
27929533
27932936
27933466
27934918
27942750
27955690
27959630
27965665
27965667
27965733
27966619
27973399
27973457
27974850
27975295
27977682
27980366
27981190
27987320
27994587
28002468
28002641
28003810
28004759
28005072
28008968
28012441
28017470
28019679
28030552
28030791
28034848
28035402
28036276
28036290
28039838
28042832
28046000
28052131
28053053
28053692
28053981
28056810
28056996
28059125
28059128
28060938
28067797
28069818
28070752
28072762
28074080
28076778
28081233
28081628
28083517
28083634
28084303
28084439
28084571
28090088
28092664
28093506
28094437
28096356
28097088
28097141
28101515
28105215
28109061
28114961
28117341
28117681
28118606
28119697
28128330
28129542
28130493
28132689
28134810
28137862
28147281
28149297
28150715
28151471
28153032
28159915
28164132
28167836
28173111
28173838
28174726
28174758
28176663
28179906
28191008
28191362
28197535
28204821
28208600
28208810
2820993
28210148
28212736
28217129
28218903
28219398
28221367
28223335
28223692
28225025
28230058
28239348
28247252
28247911
28250274
28251492
28252110
28255908
28258192
28258690
28259923
28260062
28260724
28261210
28263976
2826818
28279944
28280602
28285192
28286920
28287136
28289409
28293932
28295265
28301572
28302726
28306139
28316999
28317368
28320483
28321204
28325761
28326454
28334272
2833494
2833519
28335527
28337127
28337644
28341862
28345580
28348460
28350325
28356383
28356938
28357052
28359846
28360909
28366190
28367997
28368403
28369217
28376889
28377398
28381157
28381274
28382039
28386255
28388569
28391321
28391535
28392147
28393050
28394319
28394398
28396663
28397782
28397828
28399876
28399878
28402258
28403169
28404595
28408124
28412748
28415686
28416811
28420982
28421071
28422052
28422142
28422956
28422983
28422993
28423002
28423682
28424682
28427239
28428961
28430665
28442553
28445497
28445721
28458619
28461764
28462521
28462525
28462526
28462530
28464819
28469557
28473983
28474499
28487310
28492284
28492542
28499273
28500395
28500862
28505186
28506461
28507507
28512097
28512295
28515391
28518140
28521709
28522454
28530838
28533742
28533778
28537251
28540658
28544264
28545586
28546421
28546552
28547925
28548063
28549418
28553294
28561062
28564495
28570638
28572801
28576980
28579870
28580822
28580931
28582770
28583178
28584053
28592868
28597514
28603491
28604685
28610608
28611665
28620393
28626342
28626787
28628031
28629173
28632203
28633109
28633663
28634194
28636550
28637493
28637784
28642632
28655914
28659178
28659915
28660207
28661427
28661482
28667492
28671985
28673000
28675785
28676747
28677724
28679757
28686578
28696379
28698200
28698859
28701727
28702029
28702675
28708885
28716882
28720729
28720772
28726057
28726774
28729463
28729832
28732079
28736762
28740332
28740490
28740491
28743960
28745240
28747780
28747793
28748115
28748328
28750629
28753959
28760828
28761045
28761205
28761447
28763028
28764573
28765650
28768565
28769794
28769806
28771586
28771976
28775156
28775333
28776753
28781075
28783585
28784767
28785220
28785377
28786745
28790324
28790890
28790925
28791016
28791020
28791024
28794434
28796253
28796264
28799242
28801579
28803412
28808303
28811279
28812210
28814862
28817050
28821730
28821806
28824166
28824543
28829373
28829402
28838042
28848393
28851944
28851966
28855241
28855586
28857469
28861072
28865486
28868047
28874755
28877735
28877763
28878677
28878732
28879214
28882883
28884684
28890718
28901280
28903766
28904553
28904869
28912176
28912506
28913358
28915640
28923927
28925029
28932249
28935693
28935967
28938395
28938560
28943841
28946619
28953873
28956063
28956186
28963531
28968459
28970837
28972558
28974683
28974949
28978351
28981106
28982143
28984607
28986310
28988508
29016824
29018462
29021698
29021740
29024336
29024938
29029515
29029603
29035323
29037260
29045477
29050771
29053168
29056256
29056735
29057315
29057962
29059152
29062069
29062465
29062811
29066896
29066956
29069262
29069811
29070054
29072703
29075257
29076500
29077046
29081600
29084176
29084974
29084983
29096724
29104820
29105345
29105371
29115460
29120365
29120406
29121589
29123157
29123520
29123531
29126450
29134130
29136529
29137224
29140271
29144508
29163015
29163427
29163464
29163487
29163488
29163496
29163503
29163529
29163543
29163544
29164272
29170665
29176764
29176974
29176978
29178967
29180955
29181003
29184853
29188076
29190904
29191965
29196474
29196621
29196815
29202128
29202785
29207023
29207187
29208468
29209310
29209320
29210989
29215007
29215702
29225792
29226865
29228318
29230082
29230270
29234328
29236052
29238289
29245921
29247872
29247995
29250536
29253868
29255009
29255148
29257322
29258190
29258239
29259717
29261130
29263120
29263354
29263924
29269727
29270179
29270226
29274035
29274344
29276519
29276758
29277324
29281045
29281832
29285741
29296074
29297237
29300316
29301581
29301870
29311797
29311802
29311935
29312290
29312323
29312343
29312552
29312598
29312937
29314607
29315242
29317641
29317694
29321808
29323027
29323137
29333215
29334120
29335619
29338075
29339438
29339744
29339754
29342501
29344132
29345311
29354120
29354725
29357389
29357878
29358916
29358920
29358971
29359786
29360865
29362606
29371591
29375377
29375379
29375564
29378952
29382817
29385696
29386025
29386291
29386662
29389854
29393339
29394934
29396289
29400409
29402895
29403061
29403470
29403480
29403486
29408806
29414783
29416034
29416741
29417044
29431638
29433983
29434214
29434478
29437575
29438305
29438347
29440460
29446486
29449845
29457838
29458437
29466002
29471568
29472246
29472923
29474201
29475132
29475133
29477300
29482504
29482609
29487860
29491386
29491424
29497383
29497387
29498660
29500339
29502235
29503739
29504609
29506556
29507345
29510522
29512741
29515457
29515559
29515594
29516278
29517996
29520027
29520272
29527209
29531021
29531161
29535627
29540553
29541073
29551488
29556226
29558453
29558930
29559585
29559979
29560265
29572442
29573749
29576797
29587679
29587748
29590627
29594035
29594175
29616019
29618970
29619032
29621649
29621762
29623079
29626160
29626319
29626935
29632532
29632536
29632537
29636837
29643819
29651293
29651425
29653983
29654318
29661222
29662437
29662541
29662840
29663842
29665074
29665808
29669192
29670611
29674674
29675024
29675270
29680907
29686391
29686531
29690885
29692681
29692782
29706799
29706960
29706963
29707160
29712950
29720937
29725328
29730819
29739853
29740434
29743594
29743981
29760351
29760711
29770796
29773671
29773990
29774028
29775050
29844403
29980653
29988016
30008470
30046111
30061532
30106381
30108137
30126037
30232325
30444369
30663117
30664622
30985105
3167934
3273757
3362856
346489
3620422
3667912
3759979
3832656
3873860
3944261
4005116
4064274
4177871
4189437
4231031
4318842
4433353
4511776
4575977
4691420
4698269
4828614
4853969
4862201
4935318
5008467
5017424
5049051
5084130
5233977
5316114
5322719
5424258
5553688
5576529
5642108
5645548
5679532
5768130
5787673
6058979
6119995
6128305
6225985
6264153
6268828
6288570
6290214
6313873
6326153
6362558
6376118
6378619
6411115
6444201
6454786
6457557
6467192
6511867
6619150
6765567
6772446
6785238
6832922
7024306
7073013
7083154
7230013
7230032
7479839
7510697
7514173
7518439
7518560
7559388
7642569
7667312
7684462
7685911
7706316
7713418
7721832
7721895
7836371
7862168
7876204
7876239
7917706
7983050
8027085
8063802
8104537
8126005
8195113
8195171
8195715
8226987
8257139
8276788
8282104
8435248
8536643
8598097
8622667
8663294
8670889
8702879
8755565
8850269
8879351
8880508
8910301
8910365
8939948
8940068
8940412
8985134
8985176
8995297
8995379
8999860
9100600
9114069
9163602
9199504
9202310
9210477
9223670
9261102
9271238
9271410
9313927
9334169
9354687
9373175
9382896
9454830
9492297
9513903
9565595
9582355
9585408
9603901
9670055
9710204
9736715
9746610
9758639
9771888
9782116
9819408
9822590
9832145
9832460
9841111
9862416
9886070
9886386
9892616
9892621
9922454
pmids_tau.txt
